Matriz de utilidad con predicciones:
[ 2.809 4.309 3.096 4.281 3.292 1.814 2.385 0.632 3.315 2.851 0.979 3.614 2.985 4.434 3.7 0.344 1.252 0.352 4.952 4.621 0.175 0.125 1.579 3.05 2.162 ]
[ 2.281 1.313 3.766 3.074 2.332 4.182 3.447 3.282 2.46 4.735 2.162 4.164 4.519 3.633 4.509 0.903 1.39 1.984 0.946 3.543 2.756 1.559 2.191 2.756 3.487 ]
[ 1.76 2.95 3.991 2.567 1.62 2.314 1.016 0.298 1.171 4.962 3.094 1.094 0.845 0.37 4.234 0.574 2.692 1.444 1.57 2.05 3.081 0.957 1.31 2.912 2.444 ]
[ 1.865 3.53 2.964 1.533 0.277 4.743 2.883 3.848 2.71 2.949 2.68 4.705 2.487 4.236 1.461 2.874 4.661 3.312 0.194 1.684 2.047 4.108 2.24 2.233 2.692 ]
[ 3.848 2.94 2.95 2.324 2.349 0.828 2.033 2.012 1.982 4.685 3.083 3.094 2.766 2.462 2.381 4.025 0.57 0.931 2.43 0.396 3.639 4.827 1.8 2.428 1.358 ]
[ 2.376 4.643 1.234 4.0 2.087 4.461 2.112 0.107 2.63 4.454 2.418 2.548 2.948 3.18 4.345 3.659 1.448 1.196 2.142 2.17 2.196 2.147 1.236 2.957 2.254 ]
[ 1.609 3.284 4.143 4.91 0.353 4.098 3.987 2.31 4.039 4.628 3.333 1.999 3.675 4.834 4.557 4.072 1.439 0.741 1.278 3.433 0.149 1.336 0.515 3.93 0.835 ]
[ 1.523 4.484 0.616 4.857 2.213 4.7 1.681 1.942 0.155 1.89 4.804 1.458 0.242 3.256 0.417 1.716 3.631 3.249 1.419 4.043 1.37 2.85 2.468 0.288 0.114 ]
[ 0.964 3.248 1.031 2.464 4.486 3.07 2.11 2.693 0.085 1.562 3.83 1.183 4.497 2.321 1.461 0.523 1.89 0.061 0.146 1.75 2.928 3.274 2.916 3.944 4.92 ]
[ 1.416 3.33 4.181 1.314 4.041 4.529 4.884 2.779 3.839 4.924 0.072 1.167 1.574 0.927 1.716 3.7 3.867 0.97 4.303 3.483 1.89 3.8 4.223 3.07 2.36 ]

Matriz de similitudes:
[0, 0.8354148401290216, 0.7474341978966083, 0.667008293376464, 0.6963173750981585, 0.8349074654746086, 0.8330095957055638, 0.7271228832342438, 0.6670929533459892, 0.7573988630713611]
[0.8354148401290216, 0, 0.8492207002222775, 0.870751459296185, 0.8260625400835315, 0.8771404780971275, 0.8913235291464705, 0.7160878437464523, 0.809356177074145, 0.8110282952581811]
[0.7474341978966083, 0.8492207002222775, 0, 0.730909443818667, 0.774156733694782, 0.8793584514761291, 0.8118698400934873, 0.6973591708663172, 0.7283300741929014, 0.7667821444975077]
[0.667008293376464, 0.870751459296185, 0.730909443818667, 0, 0.787656802976235, 0.8004648067756932, 0.8093520271189034, 0.8122667883609671, 0.7298401374812873, 0.8008826074002988]
[0.6963173750981585, 0.8260625400835315, 0.774156733694782, 0.787656802976235, 0, 0.8700353311820423, 0.7920060928454171, 0.6758603272578847, 0.7665501032687941, 0.7773430229297237]
[0.8349074654746086, 0.8771404780971275, 0.8793584514761291, 0.8004648067756932, 0.8700353311820423, 0, 0.9122590260346779, 0.7949680273136751, 0.7740515489843617, 0.8062913393391464]
[0.8330095957055638, 0.8913235291464705, 0.8118698400934873, 0.8093520271189034, 0.7920060928454171, 0.9122590260346779, 0, 0.7391801563013224, 0.6680352698250531, 0.7713830529203723]
[0.7271228832342438, 0.7160878437464523, 0.6973591708663172, 0.8122667883609671, 0.6758603272578847, 0.7949680273136751, 0.7391801563013224, 0, 0.7006666422574691, 0.717336363552049]
[0.6670929533459892, 0.809356177074145, 0.7283300741929014, 0.7298401374812873, 0.7665501032687941, 0.7740515489843617, 0.6680352698250531, 0.7006666422574691, 0, 0.6684880503107963]
[0.7573988630713611, 0.8110282952581811, 0.7667821444975077, 0.8008826074002988, 0.7773430229297237, 0.8062913393391464, 0.7713830529203723, 0.717336363552049, 0.6684880503107963, 0]

Vecinos seleccionados para cada usuario:
Usuario 0: Vecinos [1, 5, 6, 9, 2]
Usuario 1: Vecinos [6, 5, 3, 2, 0]
Usuario 2: Vecinos [5, 1, 6, 4, 9]
Usuario 3: Vecinos [1, 7, 6, 9, 5]
Usuario 4: Vecinos [5, 1, 6, 3, 9]
Usuario 5: Vecinos [6, 2, 1, 4, 0]
Usuario 6: Vecinos [5, 1, 0, 2, 3]
Usuario 7: Vecinos [3, 5, 6, 0, 9]
Usuario 8: Vecinos [1, 5, 4, 3, 2]
Usuario 9: Vecinos [1, 5, 3, 4, 6]

Predicciones de valoraciones de usuarios:
Usuario 0 - Ítem 14: 3.7
Usuario 0 - Ítem 23: 3.05
Usuario 2 - Ítem 4: 1.62
Usuario 2 - Ítem 18: 1.57
Usuario 2 - Ítem 22: 1.31
Usuario 3 - Ítem 1: 3.53
Usuario 3 - Ítem 8: 2.71
Usuario 3 - Ítem 10: 2.68
Usuario 3 - Ítem 22: 2.24
Usuario 4 - Ítem 1: 2.94
Usuario 4 - Ítem 2: 2.95
Usuario 4 - Ítem 22: 1.8
Usuario 5 - Ítem 8: 2.63
Usuario 5 - Ítem 13: 3.18
Usuario 8 - Ítem 5: 3.07
Usuario 8 - Ítem 6: 2.11
Usuario 8 - Ítem 16: 1.89
Usuario 8 - Ítem 19: 1.75
Usuario 9 - Ítem 1: 3.33
Usuario 9 - Ítem 23: 3.07
Usuario 9 - Ítem 24: 2.36
